Initial points a0=-100.000000, f(a0)=-1000008.000000, b0=100.000000, f(b0)=999992.000000
a1=100.0000000000000000, f(a1)=999992.0000000000000000, b1=0.0007999999999981, f(b1)=-7.9999999994879998
a2=0.0007999999999981, f(a2)=-7.9999999994879998, b2=0.0015999935999469, f(b2)=-7.9999999959040489
a3=0.0015999935999469, f(a3)=-7.9999999959040489, b3=1785724.4577114155981690, f(b3)=5694339291707603968.0000000000000000
a4=1785724.4577114155981690, f(a4)=5694339291707603968.0000000000000000, b4=0.0015999937895685, f(b4)=-7.9999999959040480
a5=0.0015999937895685, f(a5)=-7.9999999959040480, b5=0.0015999937920773, f(b5)=-7.9999999959040480
