Initial points a0=0.100000, f(a0)=-7.999000, b0=6.000000, f(b0)=208.000000
a1=6.0000000000000000, f(a1)=208.0000000000000000, b1=0.3184922152417373, f(b1)=-7.9676930124272767, u=1.000000
a2=6.0000000000000000, f(a2)=208.0000000000000000, b2=0.3184922152417373, f(b2)=-7.9676930124272767, u=0.500000
a3=6.0000000000000000, f(a3)=208.0000000000000000, b3=0.3184922152417373, f(b3)=-7.9676930124272767, u=0.250000
a4=6.0000000000000000, f(a4)=208.0000000000000000, b4=0.3184922152417373, f(b4)=-7.9676930124272767, u=0.125000
a5=6.0000000000000000, f(a5)=208.0000000000000000, b5=0.3184922152417373, f(b5)=-7.9676930124272767, u=0.062500
a6=0.3184922152417373, f(a6)=-7.9676930124272767, b6=2.4774569544640985, f(b6)=7.2061178568415407, u=1.000000
a7=2.4774569544640985, f(a7)=7.2061178568415407, b7=1.4521539179599152, f(b7)=-4.9377689712478139, u=1.000000
a8=2.4774569544640985, f(a8)=7.2061178568415407, b8=1.4521539179599152, f(b8)=-4.9377689712478139, u=0.500000
a9=1.4521539179599152, f(a9)=-4.9377689712478139, b9=2.0449195818100172, f(b9)=0.5512322320321594, u=1.000000
a10=2.0449195818100172, f(a10)=0.5512322320321594, b10=1.9853911671030091, f(b10)=-0.1740286045600961, u=1.000000
a11=2.0449195818100172, f(a11)=0.5512322320321594, b11=1.9853911671030091, f(b11)=-0.1740286045600961, u=0.500000
a12=1.9853911671030091, f(a12)=-0.1740286045600961, b12=2.0084307947669577, f(b12)=0.1015966062524711, u=1.000000
