Initial points a0=4.000000, f(a0)=56.000000
a1=2.8333333333333330, f(a1)=14.7453703703703631
a2=2.2210688196847368, f(a2)=2.9568583222447167
a3=2.0212735368091126, f(a3)=0.2580074495430384
a4=2.0002231146078984, f(a4)=0.0026776739866570
a5=2.0000000248863623, f(a5)=0.0000002986363512
a6=2.0000000000000004, f(a6)=0.0000000000000053
