Initial points a0=-0.200000, f(a0)=-8.008000, b0=3.000000, f(b0)=19.000000
a1=3.0000000000000000, f(a1)=19.0000000000000000, b1=0.7488151658767772, f(b1)=-7.5801212506244724, u=1.000000
a2=3.0000000000000000, f(a2)=19.0000000000000000, b2=0.7488151658767772, f(b2)=-7.5801212506244724, u=0.500000
a3=3.0000000000000000, f(a3)=19.0000000000000000, b3=0.7488151658767772, f(b3)=-7.5801212506244724, u=0.250000
a4=0.7488151658767772, f(a4)=-7.5801212506244724, b4=2.1327637624371505, f(b4)=1.7012625717801484, u=1.000000
a5=2.1327637624371505, f(a5)=1.7012625717801484, b5=1.8790882336962398, f(b5)=-1.3649909525976476, u=1.000000
a6=2.1327637624371505, f(a6)=1.7012625717801484, b6=1.8790882336962398, f(b6)=-1.3649909525976476, u=0.500000
a7=1.8790882336962398, f(a7)=-1.3649909525976476, b7=2.0353715547478970, f(b7)=0.4320097932970146, u=1.000000
a8=2.0353715547478970, f(a8)=0.4320097932970146, b8=1.9978001038859310, f(b8)=-0.0263697267578440, u=1.000000
a9=2.0353715547478970, f(a9)=0.4320097932970146, b9=1.9978001038859310, f(b9)=-0.0263697267578440, u=0.500000
a10=1.9978001038859310, f(a10)=-0.0263697267578440, b10=2.0018877797292256, f(b10)=0.0226747457520471, u=1.000000
a11=2.0018877797292256, f(a11)=0.0226747457520471, b11=1.9999979233250242, f(b11)=-0.0000249200738338, u=1.000000
a12=2.0018877797292256, f(a12)=0.0226747457520471, b12=1.9999979233250242, f(b12)=-0.0000249200738338, u=0.500000
