Initial points a0=0.900000, f(a0)=-7.271000, b0=10.000000, f(b0)=992.000000
a1=10.0000000000000000, f(a1)=992.0000000000000000, b1=0.9662143702759316, f(b1)=-7.0979710480860518, u=1.000000
a2=10.0000000000000000, f(a2)=992.0000000000000000, b2=0.9662143702759316, f(b2)=-7.0979710480860518, u=0.500000
a3=10.0000000000000000, f(a3)=992.0000000000000000, b3=0.9662143702759316, f(b3)=-7.0979710480860518, u=0.250000
a4=10.0000000000000000, f(a4)=992.0000000000000000, b4=0.9662143702759316, f(b4)=-7.0979710480860518, u=0.125000
a5=10.0000000000000000, f(a5)=992.0000000000000000, b5=0.9662143702759316, f(b5)=-7.0979710480860518, u=0.062500
a6=10.0000000000000000, f(a6)=992.0000000000000000, b6=0.9662143702759316, f(b6)=-7.0979710480860518, u=0.031250
a7=0.9662143702759316, f(a7)=-7.0979710480860518, b7=2.6492842842475985, f(b7)=10.5945507303995115, u=1.000000
a8=2.6492842842475985, f(a8)=10.5945507303995115, b8=1.6414364596336282, f(b8)=-3.5774553395360744, u=1.000000
a9=2.6492842842475985, f(a9)=10.5945507303995115, b9=1.6414364596336282, f(b9)=-3.5774553395360744, u=0.500000
a10=1.6414364596336282, f(a10)=-3.5774553395360744, b10=2.0477057540563921, f(b10)=0.5862326531114181, u=1.000000
a11=2.0477057540563921, f(a11)=0.5862326531114181, b11=1.9905044635735956, f(b11)=-0.1134063020117573, u=1.000000
a12=2.0477057540563921, f(a12)=0.5862326531114181, b12=1.9905044635735956, f(b12)=-0.1134063020117573, u=0.500000
